Namespace(attention=0, batch_size=16, build_starspace=0, cbow=0, embed_dim=50, exp_name='wordsent_2.pth', focalloss=1, gpu_id=1, hidden_dim=100, log_interval=100, lr=0.001, lr_decay_epoch=10, lr_decay_rate=0.9, model_file='newdata_wordsent_2.pth', num_epochs=20, num_workers=4, train_path='/misc/vlgscratch2/LecunGroup/laura/medical_notes/processed_data/10codesL5_UNK_content_2_top1_train_data.pkl', use_starspace=1, val_path='/misc/vlgscratch2/LecunGroup/laura/medical_notes/processed_data/10codesL5_UNK_content_2_top1_valid_data.pkl', vocab_threshold=5)
('Train size:', 7793)
('Valid size:', 973)
Counter({'41401': 2085, '0389': 1440, '41071': 1062, '51881': 772, '4241': 755, '431': 617, '486': 466, 'V3001': 270, 'V3101': 166, 'V3000': 160})
('Vocab size:', 2288)
['<PAD>', 'UNK', '', 'limited', 'oxygenation', '-cad', 'hypercholesterolemia', 'implants', 'powders', 'narcotic', 'four', 'obstruction', 'sleep', 'fibrillation/flutter', 'valvuloplasty', 'poorly', 'klebsiella', 'increase', 'feeding', 'coarctation']
====================== Data examples =======================
['114787', [['discharge', 'diagnosis', ':', 'coronary', 'artery', 'disease', 's/p', 'coronary', 'artery', 'bypass', 'grafting', 'times', 'd', ';', 'left', 'internal', 'mammary', 'artery', 'graft', 'to', 'left', 'anterior', 'descending', ',', 'reverse', 'saphenous', 'vein', 'grafts', 'to', 'the', 'ramus', 'intermedius', ',', 'marginal', 'branch', ',', 'right', 'coronary', 'artery', 'a']], '41401']
=============================================================
['145754', [['discharge', 'diagnosis', ':', 'cad', 'pvd', 'htn', 'hyperlipidemia', 'gout', 'metabolic', 'syndrome', 'UNK', 'morbid', 'obesity', 'dm', 'gerd', 'tia', 'left', 'carotid', 'disease', 'sleep', 'apnea', 'ppm', 'for', 'symptomatic', 'bradycardia', 'tonsillectomy', 'lle', 'bypass', 'postop', 'a', 'fib', 'discharge', 'condition', ':', 'good'], ['']], '41401']
=============================================================
['144708', [['discharge', 'diagnosis', ':', 'sepsis', 'vaginal', 'UNK', 'pancytopenia', 'urinary', 'tract', 'infection', 'discharge', 'condition', ':', 'good', 'discharge', 'instructions', ':', 'you', 'will', 'be', 'followed', 'by', 'the', 'UNK', 'at', 'the', 'rehab', 'facility'], ['if', 'you', 'have', 'any', 'concerns', ',', 'UNK', 'can', 'UNK', 'UNK'], ['']], '0389']
=============================================================
['199391', [['discharge', 'diagnosis', ':', 'primary', 'diagnoses', ':', 'post-obstructive', 'pneumonia', 'seconday', 'diagnoses', ':', 'squamous', 'cell', 'lung', 'cancer', 'discharge', 'condition', ':', 'mental', 'status', ':', 'clear', 'and', 'coherent'], ['level', 'of', 'consciousness', ':', 'alert', 'and', 'interactive'], ['activity', 'status', ':', 'ambulatory', '-', 'i']], '486']
=============================================================
['145202', [['discharge', 'diagnosis', ':', 'respiratory', 'failure', 'pneumonia', ',', 'UNK', 'nos', 'chronic', 'obstructive', 'pulmonary', 'disease', 'discharge', 'condition', ':', 'deceased', 'discharge', 'instructions', ':', 'none', 'followup', 'instructions', ':', 'none']], '0389']
=============================================================
['167256', [['discharge', 'diagnosis', ':', 'intracerebral', 'hemorrhage', 'discharge', 'condition', ':', 'dead']], '431']
=============================================================
['114078', [['discharge', 'diagnosis', ':', 'aortic', 'stenosis', 's/p', 'redo-sternotomy', ',', 'aortic', 'valve', 'replacment', 'pmh', ':', 'coronary', 'artery', 'disease', 's/p', 'coronary', 'artery', 'bypass', 'graft', ',', 'hyperlipidemia', ',', 'hypertension', ',', 'chronic', 'UNK', 'leukemia', ',', 'gastroesophageal', 'reflux', 'disease', ',', 'st']], '4241']
=============================================================
['165284', [['discharge', 'diagnosis', ':', 'd'], ['term', 'newborn', 'd'], ['small', 'for', 'gestational', 'age', 'd'], ['status', 'post', 'hypoglycemia', 'd'], ['status', 'post', 'physiologic', 'hyperbilirubinemia', ',', 'm'], ['d'], ['[**md', 'n']], 'V3001']
=============================================================
['148154', [['discharge', 'diagnosis', ':', 'primary', ':', 'chf', 'cad', 'resp', 'failure', 'secondary', ':', 'esrd', 'copd', 'dmd', 'discharge', 'condition', ':', 'stable', 'discharge', 'instructions', ':', 'please', 'take', 'all', 'medications', 'as', 'prescribed'], ['seek', 'medical', 'attention', 'immediately', 'if', 'you', 'experience', 'symptoms', 'including', 's']], '41071']
=============================================================
['126879', [['discharge', 'diagnosis', ':', 'cardiogenic', 'shock', 'septic', 'shock', 'acute', 'on', 'chronic', 'kidney', 'injury', 'discharge', 'condition', ':', 'expired', 'discharge', 'instructions', ':', 'expired', 'followup', 'instructions', ':', 'expired', '[**la']], '0389']
=============================================================
=============================================================
['', 'limited', 'oxygenation', '-cad', 'hypercholesterolemia', 'implants', 'powders', 'narcotic', 'four', 'obstruction', 'sleep', 'bypas', 'valvuloplasty', 'poorly', 'klebsiella', 'paroxysmal', 'feeding', 'coarctation', 'plavix', 'ventral']
{'41071': 0, 'V3001': 9, '0389': 2, '4241': 3, '51881': 8, 'V3101': 5, '486': 6, '41401': 1, 'V3000': 4, '431': 7}
[2, 3, 4, 5, 6, 7, 8, 9, 10, 11, 12, 1134, 14, 15, 16, 750, 18, 19, 20, 21]
Label mix training data
Counter({'41401': 2085, '0389': 1440, '41071': 1062, '51881': 772, '4241': 755, '431': 617, '486': 466, 'V3001': 270, 'V3101': 166, 'V3000': 160})
Label mix valid data
Counter({'41401': 243, '0389': 206, '41071': 136, '51881': 89, '4241': 88, '431': 80, '486': 57, 'V3001': 30, 'V3000': 25, 'V3101': 19})
13208
51
<type 'dict'>
Embeddings loaded
('', array([ -5.58568000e-03,  -3.57529000e-03,  -1.12471000e-03,
        -4.98128000e-03,  -4.31956000e-03,  -5.64025000e-03,
        -3.71513000e-03,   7.78788000e-04,  -4.71359000e-04,
        -3.28333000e-03,  -3.73827000e-04,  -4.65486000e-03,
         4.93558000e-04,   4.21067000e-03,  -4.25178000e-03,
        -1.76577000e-03,   4.73828000e-03,   1.54215000e-03,
        -6.47415000e-03,   8.39352000e-04,  -5.61413000e-04,
         3.22060000e-03,  -7.22899000e-05,   2.16527000e-03,
        -1.40206000e-04,  -4.37053000e-03,   4.23560000e-04,
        -1.11617000e-03,   4.51826000e-03,  -2.50370000e-04,
        -5.34544000e-05,   2.60362000e-03,   2.25863000e-03,
        -3.27851000e-03,   1.08270000e-03,   4.70688000e-03,
        -5.37211000e-03,   1.93304000e-03,   7.69165000e-03,
         3.79070000e-03,   1.17437000e-03,   2.37817000e-03,
         3.81363000e-03,   2.82852000e-03,   7.19775000e-03,
        -5.04047000e-04,   1.24476000e-04,   3.36864000e-03,
         5.18095000e-03,   3.84774000e-05]))
('elevation)', array([-0.0167936 ,  0.0129389 ,  0.00634951, -0.00571457,  0.0238086 ,
       -0.00179271, -0.00918471,  0.00719655,  0.0290287 , -0.0152088 ,
       -0.0162745 ,  0.00165059, -0.041395  ,  0.0127128 , -0.0358891 ,
       -0.0113693 ,  0.00435486, -0.00516296,  0.00397296,  0.00153432,
        0.00255779,  0.00925621,  0.00132788, -0.00514505,  0.00080028,
        0.0101301 , -0.0025252 ,  0.00115921, -0.00452952,  0.00831373,
       -0.00857943,  0.00095617,  0.0232685 ,  0.00866925, -0.00951614,
        0.0144192 , -0.0101087 ,  0.0168133 , -0.00591199,  0.00183277,
       -0.00871566, -0.0146989 , -0.015784  , -0.0112815 , -0.00364662,
       -0.0021494 , -0.0142092 , -0.00846238,  0.00049025, -0.0120894 ]))
('pacemaker', array([-0.00263758,  0.00516859, -0.0171979 ,  0.0100818 , -0.00115922,
       -0.00423109,  0.00029695,  0.0149546 ,  0.00818783, -0.0231162 ,
        0.0103106 , -0.0106168 , -0.00031205,  0.00130369,  0.0023231 ,
       -0.00827475,  0.0042188 ,  0.00740185, -0.0105918 , -0.0051116 ,
       -0.00135011,  0.0111367 , -0.00385249, -0.00257517, -0.00551682,
        0.0117559 ,  0.00564071, -0.00452333, -0.00874829, -0.00208852,
        0.00242421, -0.00075785,  0.00769986, -0.00223687, -0.00329498,
        0.00712558,  0.00089059,  0.00541839, -0.00352701,  0.00536203,
        0.00663314, -0.00207932,  0.0007805 , -0.00010857, -0.00471041,
        0.00529625,  0.00552641,  0.00475922,  0.00328143,  0.0063832 ]))
('dmg/hr', array([-0.0148137 , -0.00640395,  0.00173752, -0.035683  , -0.0073231 ,
       -0.00754622, -0.0122305 , -0.0353211 , -0.00473574, -0.00189436,
        0.00419301,  0.00499843, -0.0146347 ,  0.00582408, -0.00037058,
       -0.00298797, -0.0202093 , -0.00053174, -0.0163033 , -0.0259719 ,
       -0.00927689, -0.0226584 ,  0.00891389,  0.0262943 ,  0.00785014,
        0.0101794 ,  0.00063363,  0.015846  ,  0.0190713 , -0.0190074 ,
        0.0155234 , -0.0008695 ,  0.0155494 ,  0.0123736 ,  0.00121591,
       -0.00170613,  0.00314928,  0.0090563 ,  0.0199215 ,  0.0197135 ,
        0.0242564 , -0.0213831 , -0.0162439 ,  0.0118931 ,  0.00808033,
        0.0177265 , -0.00988786, -0.00041203, -0.031992  ,  0.00979616]))
Embedding matrix size torch.Size([2288, 50])
2133 embeddings of a total of 2286 initialized with starspace embeddings
Embedding matrix created
Data Loaded in 0.04 mns.
data loader done
Using Hierachical model
WordSentModel (
  (word_rnn): WordModel (
    (word_embed): Embedding(2288, 50)
    (word_rnn): GRU(50, 100, bidirectional=True)
  )
  (sent_rnn): SentModel (
    (sent_rnn): GRU(200, 200, bidirectional=True)
  )
  (clf): Classifer (
    (lin): Linear (400 -> 10)
  )
)
Model embeddings initialized with starspace
Using focal loss
Starting training...
(0, 973)
Epoch: 0, Step: 0, Train Loss: 19.24, Val Loss: 1.11, Val acc: 0.000
Param Norm1: 23117.44, grad Norm1: 101.94, Param Norm12: 34.01, grad Norm2: 1.00
(61, 973)
Epoch: 0, Step: 100, Train Loss: 5.19, Val Loss: 0.30, Val acc: 0.063
Param Norm1: 23457.40, grad Norm1: 76.39, Param Norm12: 34.59, grad Norm2: 1.00
(366, 973)
Epoch: 0, Step: 200, Train Loss: 4.64, Val Loss: 0.27, Val acc: 0.376
Param Norm1: 23827.30, grad Norm1: 63.49, Param Norm12: 35.23, grad Norm2: 1.00
(305, 973)
Epoch: 0, Step: 300, Train Loss: 4.63, Val Loss: 0.27, Val acc: 0.313
Param Norm1: 24293.15, grad Norm1: 49.10, Param Norm12: 36.04, grad Norm2: 1.00
(305, 973)
Epoch: 0, Step: 400, Train Loss: 4.65, Val Loss: 0.28, Val acc: 0.313
Param Norm1: 24810.93, grad Norm1: 52.59, Param Norm12: 36.91, grad Norm2: 1.00
('LR changed to', 0.0009000000000000001)
Evaluating on training set
Processed 0 batches
(Variable containing:
 0.1016  0.0686  0.1641  0.0750  0.0702  0.0920  0.0949  0.1285  0.1241  0.0810
 0.1013  0.0678  0.1646  0.0746  0.0703  0.0924  0.0949  0.1289  0.1241  0.0812
 0.1629  0.3678  0.0616  0.1407  0.0294  0.0258  0.0591  0.0435  0.0803  0.0289
 0.1017  0.0687  0.1640  0.0751  0.0701  0.0919  0.0949  0.1285  0.1241  0.0809
 0.1009  0.0669  0.1651  0.0741  0.0705  0.0928  0.0949  0.1294  0.1240  0.0815
 0.1638  0.3558  0.0638  0.1410  0.0306  0.0272  0.0605  0.0456  0.0818  0.0300
 0.1009  0.0671  0.1650  0.0742  0.0704  0.0927  0.0949  0.1293  0.1241  0.0814
 0.1627  0.3706  0.0611  0.1406  0.0291  0.0255  0.0588  0.0430  0.0800  0.0286
 0.1583  0.1853  0.1071  0.1207  0.0507  0.0546  0.0811  0.0831  0.1072  0.0520
 0.1013  0.0677  0.1646  0.0746  0.0703  0.0924  0.0949  0.1289  0.1241  0.0812
 0.1633  0.3584  0.0634  0.1409  0.0303  0.0269  0.0602  0.0452  0.0816  0.0298
 0.1729  0.3325  0.0674  0.1398  0.0324  0.0300  0.0613  0.0490  0.0831  0.0316
 0.1017  0.0686  0.1641  0.0750  0.0702  0.0919  0.0949  0.1285  0.1241  0.0810
 0.1639  0.3467  0.0656  0.1411  0.0315  0.0284  0.0616  0.0473  0.0831  0.0309
 0.1026  0.0666  0.1673  0.0733  0.0704  0.0919  0.0949  0.1285  0.1231  0.0812
 0.1632  0.3603  0.0630  0.1409  0.0301  0.0267  0.0600  0.0448  0.0813  0.0296
[torch.cuda.FloatTensor of size 16x10 (GPU 1)]
, 
 2
 2
 1
 2
 2
 1
 2
 1
 1
 2
 1
 1
 2
 1
 2
 1
[torch.cuda.LongTensor of size 16 (GPU 1)]
, Variable containing:
 2
 6
 3
 7
 0
 1
 2
 1
 0
 6
 3
 1
 8
 1
 2
 3
[torch.cuda.LongTensor of size 16 (GPU 1)]
)
Processed 100 batches
Processed 200 batches
Processed 300 batches
Processed 400 batches
3354/7792 correct, 0.430%, avg loss: 3.82375846506
Evaluating on validation set
Processed 0 batches
(Variable containing:
 0.0919  0.0579  0.1668  0.0697  0.0721  0.1002  0.0947  0.1369  0.1248  0.0850
 0.1527  0.2532  0.0861  0.1376  0.0427  0.0434  0.0743  0.0691  0.0981  0.0427
 0.0922  0.0585  0.1665  0.0700  0.0720  0.0998  0.0948  0.1365  0.1248  0.0849
 0.0921  0.0584  0.1665  0.0700  0.0721  0.0999  0.0948  0.1366  0.1248  0.0849
 0.1585  0.3430  0.0655  0.1435  0.0320  0.0295  0.0624  0.0488  0.0851  0.0317
 0.0921  0.0582  0.1666  0.0699  0.0721  0.0999  0.0948  0.1367  0.1248  0.0849
 0.1582  0.3574  0.0627  0.1434  0.0305  0.0277  0.0606  0.0460  0.0831  0.0302
 0.2704  0.2459  0.1034  0.1052  0.0359  0.0267  0.0643  0.0470  0.0690  0.0323
 0.1548  0.1941  0.1016  0.1259  0.0497  0.0548  0.0795  0.0829  0.1060  0.0507
 0.0978  0.0680  0.1600  0.0762  0.0705  0.0950  0.0948  0.1316  0.1244  0.0816
 0.1171  0.1036  0.1395  0.0953  0.0645  0.0804  0.0924  0.1156  0.1207  0.0710
 0.0925  0.0593  0.1659  0.0706  0.0719  0.0993  0.0949  0.1361  0.1249  0.0846
 0.1582  0.3574  0.0627  0.1434  0.0305  0.0277  0.0607  0.0461  0.0831  0.0302
 0.0961  0.0663  0.1613  0.0750  0.0707  0.0957  0.0951  0.1324  0.1248  0.0824
 0.1585  0.3466  0.0648  0.1435  0.0316  0.0291  0.0620  0.0481  0.0846  0.0313
 0.1076  0.0893  0.1475  0.0882  0.0671  0.0858  0.0944  0.1221  0.1228  0.0754
[torch.cuda.FloatTensor of size 16x10 (GPU 1)]
, 
 2
 1
 2
 2
 1
 2
 1
 0
 1
 2
 2
 2
 1
 2
 1
 2
[torch.cuda.LongTensor of size 16 (GPU 1)]
, Variable containing:
 2
 1
 2
 8
 1
 2
 1
 0
 8
 2
 0
 8
 3
 2
 1
 1
[torch.cuda.LongTensor of size 16 (GPU 1)]
)
422/960 correct, 0.440%, avg loss: 3.82744330565
(305, 973)
Epoch: 1, Step: 500, Train Loss: 4.35, Val Loss: 0.26, Val acc: 0.313
Param Norm1: 27543.32, grad Norm1: 64.03, Param Norm12: 42.25, grad Norm2: 1.00
(488, 973)
Epoch: 1, Step: 600, Train Loss: 3.74, Val Loss: 0.23, Val acc: 0.502
Param Norm1: 28059.20, grad Norm1: 53.54, Param Norm12: 43.24, grad Norm2: 1.00
(488, 973)
Epoch: 1, Step: 700, Train Loss: 3.66, Val Loss: 0.19, Val acc: 0.502
Param Norm1: 28643.96, grad Norm1: 56.76, Param Norm12: 44.23, grad Norm2: 1.00
(549, 973)
Epoch: 1, Step: 800, Train Loss: 3.57, Val Loss: 0.20, Val acc: 0.564
Param Norm1: 29201.94, grad Norm1: 62.69, Param Norm12: 45.18, grad Norm2: 1.00
(610, 973)
Epoch: 1, Step: 900, Train Loss: 3.47, Val Loss: 0.16, Val acc: 0.627
Param Norm1: 29951.70, grad Norm1: 69.85, Param Norm12: 46.53, grad Norm2: 1.00
Evaluating on training set
Processed 0 batches
(Variable containing:
 0.1114  0.0584  0.1966  0.1039  0.0375  0.0308  0.1136  0.1352  0.1749  0.0378
 0.0967  0.0498  0.2225  0.0578  0.0398  0.0329  0.1258  0.1513  0.1808  0.0426
 0.0855  0.0458  0.2256  0.0514  0.0432  0.0358  0.1268  0.1537  0.1843  0.0479
 0.0454  0.0332  0.1960  0.0229  0.0813  0.0759  0.1173  0.1256  0.1699  0.1326
 0.1060  0.0570  0.2003  0.0971  0.0388  0.0319  0.1149  0.1372  0.1769  0.0399
 0.1026  0.0539  0.2079  0.0821  0.0394  0.0323  0.1189  0.1431  0.1792  0.0408
 0.0829  0.0445  0.2284  0.0467  0.0438  0.0365  0.1282  0.1551  0.1845  0.0494
 0.1713  0.5392  0.0362  0.1561  0.0051  0.0049  0.0292  0.0179  0.0347  0.0054
 0.1634  0.1707  0.0597  0.4145  0.0136  0.0118  0.0455  0.0366  0.0719  0.0123
 0.0887  0.0472  0.2229  0.0557  0.0424  0.0351  0.1257  0.1523  0.1835  0.0464
 0.2462  0.3536  0.0733  0.1583  0.0075  0.0067  0.0493  0.0376  0.0609  0.0066
 0.1679  0.5545  0.0347  0.1504  0.0047  0.0046  0.0280  0.0169  0.0331  0.0050
 0.1617  0.5949  0.0323  0.1268  0.0042  0.0041  0.0260  0.0154  0.0301  0.0045
 0.1757  0.6524  0.0338  0.0636  0.0029  0.0030  0.0244  0.0141  0.0267  0.0033
 0.1594  0.6081  0.0314  0.1202  0.0039  0.0038  0.0251  0.0148  0.0290  0.0043
 0.1546  0.1273  0.0719  0.4148  0.0168  0.0145  0.0519  0.0454  0.0875  0.0151
[torch.cuda.FloatTensor of size 16x10 (GPU 1)]
, 
 2
 2
 2
 2
 2
 2
 2
 1
 3
 2
 1
 1
 1
 1
 1
 3
[torch.cuda.LongTensor of size 16 (GPU 1)]
, Variable containing:
 8
 2
 6
 5
 2
 7
 8
 1
 0
 8
 0
 1
 1
 1
 1
 2
[torch.cuda.LongTensor of size 16 (GPU 1)]
)
Processed 100 batches
Processed 200 batches
Processed 300 batches
Processed 400 batches
3954/7792 correct, 0.507%, avg loss: 3.29310883193
Evaluating on validation set
Processed 0 batches
(Variable containing:
 0.1530  0.6365  0.0289  0.1082  0.0034  0.0034  0.0231  0.0133  0.0264  0.0038
 0.0957  0.0488  0.2220  0.0625  0.0393  0.0324  0.1236  0.1511  0.1831  0.0415
 0.1621  0.5938  0.0317  0.1298  0.0041  0.0040  0.0255  0.0150  0.0296  0.0044
 0.1511  0.6449  0.0282  0.1047  0.0033  0.0032  0.0225  0.0129  0.0256  0.0036
 0.0776  0.0420  0.2317  0.0441  0.0447  0.0372  0.1278  0.1569  0.1872  0.0509
 0.2486  0.3795  0.0734  0.1510  0.0060  0.0048  0.0437  0.0340  0.0537  0.0051
 0.1337  0.0708  0.1614  0.1839  0.0315  0.0264  0.0957  0.1079  0.1586  0.0301
 0.1510  0.6483  0.0279  0.1026  0.0032  0.0031  0.0223  0.0127  0.0253  0.0035
 0.1809  0.4378  0.0406  0.2255  0.0067  0.0062  0.0329  0.0212  0.0415  0.0067
 0.0729  0.0399  0.2352  0.0380  0.0461  0.0387  0.1294  0.1584  0.1875  0.0540
 0.1276  0.0641  0.1911  0.1197  0.0329  0.0274  0.1087  0.1272  0.1693  0.0320
 0.1338  0.7122  0.0235  0.0736  0.0024  0.0024  0.0186  0.0102  0.0206  0.0027
 0.1220  0.0634  0.1829  0.1319  0.0351  0.0291  0.1069  0.1249  0.1691  0.0345
 0.0862  0.0447  0.2313  0.0479  0.0412  0.0343  0.1276  0.1561  0.1852  0.0454
 0.0774  0.0413  0.2357  0.0394  0.0440  0.0369  0.1299  0.1585  0.1865  0.0506
 0.1658  0.2055  0.0508  0.4145  0.0113  0.0100  0.0401  0.0301  0.0616  0.0104
[torch.cuda.FloatTensor of size 16x10 (GPU 1)]
, 
 1
 2
 1
 1
 2
 1
 3
 1
 1
 2
 2
 1
 2
 2
 2
 3
[torch.cuda.LongTensor of size 16 (GPU 1)]
, Variable containing:
 1
 6
 1
 0
 7
 1
 3
 1
 1
 7
 8
 1
 2
 8
 8
 3
[torch.cuda.LongTensor of size 16 (GPU 1)]
)
490/960 correct, 0.510%, avg loss: 3.37771150271
(488, 973)
Epoch: 2, Step: 1000, Train Loss: 3.34, Val Loss: 0.20, Val acc: 0.502
Param Norm1: 30604.71, grad Norm1: 83.26, Param Norm12: 47.77, grad Norm2: 1.00
(549, 973)
Epoch: 2, Step: 1100, Train Loss: 3.08, Val Loss: 0.18, Val acc: 0.564
Param Norm1: 31203.53, grad Norm1: 82.44, Param Norm12: 48.92, grad Norm2: 1.00
(610, 973)
Epoch: 2, Step: 1200, Train Loss: 3.12, Val Loss: 0.15, Val acc: 0.627
Param Norm1: 31812.71, grad Norm1: 62.73, Param Norm12: 50.03, grad Norm2: 1.00
(610, 973)
Epoch: 2, Step: 1300, Train Loss: 2.91, Val Loss: 0.14, Val acc: 0.627
Param Norm1: 32594.69, grad Norm1: 71.80, Param Norm12: 51.45, grad Norm2: 1.00
(610, 973)
Epoch: 2, Step: 1400, Train Loss: 2.75, Val Loss: 0.20, Val acc: 0.627
Param Norm1: 33281.51, grad Norm1: 96.37, Param Norm12: 52.71, grad Norm2: 1.00
Evaluating on training set
Processed 0 batches
(Variable containing:
 0.0519  0.0353  0.3387  0.0060  0.0185  0.0140  0.0750  0.3300  0.1012  0.0295
 0.0557  0.0290  0.5131  0.0068  0.0087  0.0056  0.1174  0.0996  0.1531  0.0111
 0.3835  0.2193  0.0808  0.1005  0.0161  0.0120  0.0607  0.0185  0.0917  0.0169
 0.3866  0.3374  0.0529  0.0904  0.0099  0.0074  0.0383  0.0101  0.0561  0.0109
 0.1044  0.0575  0.2096  0.0568  0.0260  0.0159  0.1799  0.0468  0.2756  0.0274
 0.4060  0.2589  0.0659  0.0954  0.0135  0.0101  0.0488  0.0146  0.0724  0.0143
 0.2818  0.5016  0.0327  0.0926  0.0072  0.0054  0.0256  0.0068  0.0373  0.0091
 0.0489  0.0315  0.3651  0.0045  0.0136  0.0107  0.0661  0.3494  0.0878  0.0224
 0.1844  0.1107  0.0572  0.3486  0.0302  0.0192  0.0767  0.0122  0.1328  0.0281
 0.3778  0.3081  0.0550  0.1111  0.0115  0.0084  0.0433  0.0104  0.0623  0.0122
 0.0829  0.0455  0.3314  0.0215  0.0176  0.0111  0.1646  0.0737  0.2313  0.0204
 0.2728  0.5274  0.0339  0.0805  0.0063  0.0048  0.0245  0.0067  0.0351  0.0081
 0.0405  0.0303  0.2354  0.0048  0.0216  0.0178  0.0559  0.4792  0.0759  0.0387
 0.0506  0.0261  0.5261  0.0059  0.0086  0.0055  0.1129  0.1071  0.1460  0.0112
 0.0310  0.0267  0.0195  0.0157  0.1885  0.2481  0.0166  0.0874  0.0228  0.3438
 0.2546  0.5520  0.0297  0.0843  0.0062  0.0047  0.0222  0.0061  0.0320  0.0081
[torch.cuda.FloatTensor of size 16x10 (GPU 1)]
, 
 2
 2
 0
 0
 8
 0
 1
 2
 3
 0
 2
 1
 7
 2
 9
 1
[torch.cuda.LongTensor of size 16 (GPU 1)]
, Variable containing:
 7
 2
 0
 0
 2
 1
 0
 7
 3
 0
 2
 0
 7
 2
 9
 1
[torch.cuda.LongTensor of size 16 (GPU 1)]
)
Processed 100 batches
Processed 200 batches
Processed 300 batches
Processed 400 batches
5121/7792 correct, 0.657%, avg loss: 2.52132542569
Evaluating on validation set
Processed 0 batches
(Variable containing:
 0.2405  0.5637  0.0289  0.0874  0.0066  0.0050  0.0219  0.0063  0.0313  0.0085
 0.0286  0.0248  0.0435  0.0062  0.0757  0.0964  0.0207  0.5109  0.0288  0.1644
 0.0755  0.0445  0.2872  0.0313  0.0224  0.0137  0.1807  0.0638  0.2558  0.0251
 0.2663  0.5349  0.0353  0.0758  0.0064  0.0048  0.0249  0.0077  0.0358  0.0082
 0.2730  0.1334  0.1091  0.1314  0.0293  0.0205  0.0950  0.0325  0.1467  0.0291
 0.0456  0.0317  0.0664  0.0134  0.1389  0.1555  0.0362  0.1991  0.0437  0.2695
 0.2621  0.5161  0.0324  0.0971  0.0078  0.0059  0.0254  0.0072  0.0362  0.0098
 0.0473  0.0258  0.4550  0.0090  0.0138  0.0088  0.1403  0.1038  0.1784  0.0177
 0.0360  0.0311  0.0203  0.0253  0.2016  0.2336  0.0202  0.0698  0.0271  0.3348
 0.0713  0.0407  0.3811  0.0138  0.0180  0.0121  0.1388  0.1150  0.1864  0.0228
 0.2383  0.5668  0.0285  0.0877  0.0065  0.0049  0.0217  0.0062  0.0309  0.0085
 0.2557  0.5267  0.0313  0.0969  0.0076  0.0057  0.0246  0.0069  0.0350  0.0096
 0.0212  0.0163  0.0981  0.0021  0.0171  0.0170  0.0221  0.7387  0.0306  0.0367
 0.0780  0.0458  0.2826  0.0330  0.0222  0.0135  0.1808  0.0617  0.2576  0.0248
 0.2308  0.5913  0.0280  0.0752  0.0059  0.0045  0.0207  0.0062  0.0296  0.0079
 0.0793  0.0454  0.3469  0.0165  0.0214  0.0147  0.1390  0.1203  0.1895  0.0269
[torch.cuda.FloatTensor of size 16x10 (GPU 1)]
, 
 1
 7
 2
 1
 0
 9
 1
 2
 9
 2
 1
 1
 7
 2
 1
 2
[torch.cuda.LongTensor of size 16 (GPU 1)]
, Variable containing:
 0
 4
 8
 1
 0
 9
 1
 2
 5
 2
 1
 1
 7
 2
 0
 2
[torch.cuda.LongTensor of size 16 (GPU 1)]
)
616/960 correct, 0.642%, avg loss: 2.54094265898
(732, 973)
Epoch: 3, Step: 1500, Train Loss: 2.54, Val Loss: 0.16, Val acc: 0.752
Param Norm1: 33888.26, grad Norm1: 99.08, Param Norm12: 53.86, grad Norm2: 1.00
(671, 973)
Epoch: 3, Step: 1600, Train Loss: 2.42, Val Loss: 0.13, Val acc: 0.690
Param Norm1: 34483.07, grad Norm1: 75.29, Param Norm12: 54.95, grad Norm2: 1.00
(793, 973)
Epoch: 3, Step: 1700, Train Loss: 2.35, Val Loss: 0.10, Val acc: 0.815
Param Norm1: 34936.05, grad Norm1: 70.84, Param Norm12: 55.78, grad Norm2: 1.00
(671, 973)
Epoch: 3, Step: 1800, Train Loss: 2.43, Val Loss: 0.17, Val acc: 0.690
Param Norm1: 35373.23, grad Norm1: 70.80, Param Norm12: 56.58, grad Norm2: 1.00
(732, 973)
Epoch: 3, Step: 1900, Train Loss: 2.31, Val Loss: 0.09, Val acc: 0.752
Param Norm1: 35830.49, grad Norm1: 68.72, Param Norm12: 57.44, grad Norm2: 1.00
Evaluating on training set
Processed 0 batches
(Variable containing:
 0.1289  0.0597  0.1895  0.0320  0.0346  0.0213  0.1506  0.0799  0.2719  0.0315
 0.2166  0.6187  0.0354  0.0459  0.0068  0.0045  0.0167  0.0088  0.0381  0.0086
 0.2675  0.5219  0.0570  0.0376  0.0086  0.0060  0.0235  0.0169  0.0506  0.0103
 0.1146  0.0546  0.2057  0.0271  0.0340  0.0207  0.1519  0.0867  0.2736  0.0311
 0.3377  0.3679  0.0892  0.0374  0.0109  0.0077  0.0350  0.0266  0.0761  0.0115
 0.2262  0.6010  0.0380  0.0455  0.0073  0.0049  0.0180  0.0097  0.0401  0.0092
 0.0807  0.0436  0.1804  0.0322  0.0342  0.0209  0.1748  0.0658  0.3365  0.0309
 0.2167  0.5936  0.0328  0.0706  0.0076  0.0051  0.0171  0.0074  0.0395  0.0095
 0.1174  0.0576  0.1615  0.0413  0.0342  0.0213  0.1647  0.0624  0.3086  0.0309
 0.0361  0.0133  0.7839  0.0031  0.0041  0.0019  0.0297  0.0360  0.0882  0.0038
 0.1969  0.6507  0.0304  0.0491  0.0060  0.0039  0.0143  0.0071  0.0339  0.0076
 0.2024  0.6456  0.0329  0.0429  0.0063  0.0041  0.0150  0.0081  0.0346  0.0080
 0.0378  0.0293  0.0114  0.0209  0.2373  0.2700  0.0184  0.0600  0.0385  0.2764
 0.0752  0.0369  0.2544  0.0198  0.0311  0.0185  0.1575  0.0822  0.2960  0.0283
 0.2623  0.0982  0.1394  0.0606  0.0297  0.0193  0.1088  0.0538  0.2000  0.0279
 0.2191  0.6133  0.0363  0.0456  0.0071  0.0047  0.0172  0.0092  0.0385  0.0090
[torch.cuda.FloatTensor of size 16x10 (GPU 1)]
, 
 8
 1
 1
 8
 1
 1
 8
 1
 8
 2
 1
 1
 9
 8
 0
 1
[torch.cuda.LongTensor of size 16 (GPU 1)]
, Variable containing:
 8
 1
 1
 2
 1
 1
 6
 0
 6
 2
 1
 1
 4
 8
 0
 1
[torch.cuda.LongTensor of size 16 (GPU 1)]
)
Processed 100 batches
Processed 200 batches
Processed 300 batches
Processed 400 batches
5443/7792 correct, 0.699%, avg loss: 2.19073905176
Evaluating on validation set
Processed 0 batches
(Variable containing:
 0.0716  0.0401  0.1694  0.0437  0.0307  0.0184  0.1764  0.0470  0.3751  0.0276
 0.3537  0.2282  0.0808  0.0862  0.0213  0.0146  0.0584  0.0253  0.1092  0.0224
 0.0219  0.0141  0.0157  0.0016  0.0208  0.0122  0.0092  0.8609  0.0220  0.0217
 0.0403  0.0302  0.0111  0.0189  0.2358  0.2858  0.0164  0.0650  0.0335  0.2630
 0.0914  0.0443  0.2556  0.0180  0.0354  0.0209  0.1377  0.1170  0.2465  0.0331
 0.1935  0.6530  0.0319  0.0460  0.0062  0.0041  0.0149  0.0079  0.0345  0.0080
 0.0350  0.0123  0.7899  0.0030  0.0039  0.0019  0.0291  0.0355  0.0857  0.0037
 0.3523  0.2131  0.1210  0.0380  0.0197  0.0135  0.0540  0.0664  0.1018  0.0202
 0.2067  0.6278  0.0347  0.0475  0.0069  0.0045  0.0166  0.0089  0.0378  0.0087
 0.2234  0.6009  0.0385  0.0470  0.0073  0.0048  0.0182  0.0102  0.0407  0.0090
 0.1044  0.0506  0.2152  0.0233  0.0389  0.0236  0.1466  0.1050  0.2562  0.0362
 0.1207  0.0738  0.1025  0.2505  0.0274  0.0165  0.1018  0.0203  0.2624  0.0241
 0.1770  0.6834  0.0294  0.0420  0.0054  0.0034  0.0136  0.0069  0.0318  0.0069
 0.0762  0.0423  0.1755  0.0375  0.0334  0.0202  0.1752  0.0575  0.3519  0.0302
 0.1171  0.0651  0.1155  0.0894  0.0371  0.0236  0.1553  0.0416  0.3215  0.0337
 0.0206  0.0130  0.0184  0.0013  0.0137  0.0074  0.0078  0.8841  0.0199  0.0138
[torch.cuda.FloatTensor of size 16x10 (GPU 1)]
, 
 8
 0
 7
 5
 2
 1
 2
 0
 1
 1
 8
 8
 1
 8
 8
 7
[torch.cuda.LongTensor of size 16 (GPU 1)]
, Variable containing:
 6
 0
 7
 4
 8
 1
 2
 1
 0
 1
 2
 2
 1
 2
 8
 7
[torch.cuda.LongTensor of size 16 (GPU 1)]
)
621/960 correct, 0.647%, avg loss: 2.35703051686
(854, 973)
Epoch: 4, Step: 2000, Train Loss: 2.30, Val Loss: 0.10, Val acc: 0.878
Param Norm1: 36219.92, grad Norm1: 86.83, Param Norm12: 58.14, grad Norm2: 1.00
(793, 973)
Epoch: 4, Step: 2100, Train Loss: 2.09, Val Loss: 0.12, Val acc: 0.815
Param Norm1: 36682.59, grad Norm1: 78.22, Param Norm12: 59.01, grad Norm2: 1.00
(854, 973)
Epoch: 4, Step: 2200, Train Loss: 2.14, Val Loss: 0.11, Val acc: 0.878
Param Norm1: 37070.59, grad Norm1: 99.81, Param Norm12: 59.66, grad Norm2: 1.00
(793, 973)
Epoch: 4, Step: 2300, Train Loss: 2.22, Val Loss: 0.13, Val acc: 0.815
Param Norm1: 37520.94, grad Norm1: 75.98, Param Norm12: 60.47, grad Norm2: 1.00
(732, 973)
Epoch: 4, Step: 2400, Train Loss: 2.27, Val Loss: 0.10, Val acc: 0.752
Param Norm1: 37992.47, grad Norm1: 83.56, Param Norm12: 61.39, grad Norm2: 1.00
Evaluating on training set
Processed 0 batches
(Variable containing:
 0.1869  0.6618  0.0226  0.0709  0.0062  0.0045  0.0141  0.0064  0.0207  0.0060
 0.1792  0.6745  0.0214  0.0699  0.0059  0.0043  0.0133  0.0061  0.0196  0.0058
 0.1984  0.6178  0.0233  0.0953  0.0072  0.0053  0.0157  0.0063  0.0236  0.0070
 0.1867  0.6664  0.0229  0.0665  0.0062  0.0045  0.0140  0.0066  0.0203  0.0060
 0.1396  0.0445  0.1735  0.0484  0.0230  0.0152  0.1990  0.0316  0.3052  0.0200
 0.3829  0.3937  0.0535  0.0653  0.0099  0.0083  0.0274  0.0140  0.0363  0.0088
 0.1146  0.0419  0.3489  0.0163  0.0225  0.0143  0.1686  0.0744  0.1789  0.0197
 0.1772  0.6795  0.0213  0.0679  0.0058  0.0042  0.0131  0.0060  0.0193  0.0057
 0.4807  0.1786  0.0677  0.0899  0.0195  0.0145  0.0480  0.0195  0.0647  0.0169
 0.1938  0.6236  0.0227  0.0967  0.0069  0.0051  0.0152  0.0060  0.0232  0.0068
 0.1123  0.0454  0.1519  0.0576  0.0234  0.0153  0.2049  0.0268  0.3414  0.0209
 0.2892  0.0673  0.1410  0.0630  0.0269  0.0188  0.1386  0.0378  0.1950  0.0226
 0.2810  0.5386  0.0318  0.0756  0.0074  0.0056  0.0186  0.0083  0.0261  0.0070
 0.0352  0.0237  0.0147  0.0159  0.2084  0.3520  0.0186  0.0568  0.0243  0.2503
 0.0558  0.0174  0.7992  0.0042  0.0039  0.0022  0.0385  0.0330  0.0426  0.0032
 0.1561  0.0581  0.3150  0.0194  0.0254  0.0162  0.1285  0.1064  0.1528  0.0220
[torch.cuda.FloatTensor of size 16x10 (GPU 1)]
, 
 1
 1
 1
 1
 8
 1
 2
 1
 0
 1
 8
 0
 1
 5
 2
 2
[torch.cuda.LongTensor of size 16 (GPU 1)]
, Variable containing:
 1
 1
 0
 1
 6
 1
 2
 1
 0
 1
 6
 2
 1
 9
 2
 2
[torch.cuda.LongTensor of size 16 (GPU 1)]
)
Processed 100 batches
Processed 200 batches
Processed 300 batches
Processed 400 batches
5613/7792 correct, 0.720%, avg loss: 2.04211872241
Evaluating on validation set
Processed 0 batches
(Variable containing:
 0.0394  0.0121  0.8111  0.0031  0.0047  0.0026  0.0437  0.0369  0.0422  0.0042
 0.2351  0.5733  0.0298  0.0817  0.0087  0.0064  0.0197  0.0090  0.0279  0.0083
 0.0653  0.0864  0.0219  0.7307  0.0128  0.0108  0.0166  0.0020  0.0399  0.0137
 0.2265  0.5859  0.0282  0.0833  0.0083  0.0061  0.0187  0.0083  0.0268  0.0079
 0.2076  0.0624  0.1852  0.0393  0.0301  0.0202  0.1632  0.0579  0.2083  0.0258
 0.0564  0.0181  0.7873  0.0043  0.0043  0.0025  0.0414  0.0371  0.0450  0.0036
 0.3467  0.4955  0.0386  0.0453  0.0051  0.0025  0.0188  0.0083  0.0351  0.0042
 0.1715  0.6710  0.0200  0.0836  0.0058  0.0043  0.0129  0.0054  0.0197  0.0057
 0.2635  0.3982  0.0307  0.1996  0.0124  0.0092  0.0264  0.0071  0.0409  0.0119
 0.1852  0.6639  0.0226  0.0701  0.0063  0.0045  0.0141  0.0066  0.0207  0.0061
 0.4139  0.3039  0.0612  0.0742  0.0149  0.0113  0.0362  0.0207  0.0505  0.0130
 0.4177  0.1991  0.0547  0.1488  0.0198  0.0143  0.0466  0.0137  0.0678  0.0176
 0.2592  0.0912  0.0663  0.2769  0.0280  0.0210  0.0733  0.0136  0.1449  0.0256
 0.0398  0.0221  0.0448  0.0024  0.0148  0.0097  0.0194  0.8081  0.0257  0.0132
 0.0697  0.0242  0.7153  0.0057  0.0064  0.0037  0.0574  0.0500  0.0622  0.0054
 0.1861  0.6588  0.0226  0.0734  0.0064  0.0047  0.0143  0.0066  0.0210  0.0062
[torch.cuda.FloatTensor of size 16x10 (GPU 1)]
, 
 2
 1
 3
 1
 8
 2
 1
 1
 1
 1
 0
 0
 3
 7
 2
 1
[torch.cuda.LongTensor of size 16 (GPU 1)]
, Variable containing:
 2
 1
 3
 0
 2
 2
 1
 1
 0
 1
 0
 0
 0
 7
 2
 0
[torch.cuda.LongTensor of size 16 (GPU 1)]
)
624/960 correct, 0.650%, avg loss: 2.36595376531
(793, 973)
Epoch: 5, Step: 2500, Train Loss: 2.22, Val Loss: 0.12, Val acc: 0.815
Param Norm1: 38375.91, grad Norm1: 75.04, Param Norm12: 62.05, grad Norm2: 1.00
(793, 973)
Epoch: 5, Step: 2600, Train Loss: 2.05, Val Loss: 0.08, Val acc: 0.815
Param Norm1: 38711.59, grad Norm1: 87.18, Param Norm12: 62.65, grad Norm2: 1.00
(854, 973)
Epoch: 5, Step: 2700, Train Loss: 2.06, Val Loss: 0.09, Val acc: 0.878
Param Norm1: 39180.26, grad Norm1: 76.58, Param Norm12: 63.46, grad Norm2: 1.00
(793, 973)
Epoch: 5, Step: 2800, Train Loss: 2.16, Val Loss: 0.12, Val acc: 0.815
Param Norm1: 39431.23, grad Norm1: 74.51, Param Norm12: 63.90, grad Norm2: 1.00
(854, 973)
Epoch: 5, Step: 2900, Train Loss: 2.05, Val Loss: 0.07, Val acc: 0.878
Param Norm1: 39785.42, grad Norm1: 80.08, Param Norm12: 64.52, grad Norm2: 1.00
Evaluating on training set
Processed 0 batches
(Variable containing:
 0.0537  0.0616  0.0141  0.7864  0.0115  0.0097  0.0091  0.0017  0.0322  0.0200
 0.5523  0.0674  0.0735  0.0610  0.0258  0.0159  0.0592  0.0230  0.0967  0.0253
 0.5094  0.2546  0.0627  0.0389  0.0138  0.0095  0.0267  0.0255  0.0457  0.0132
 0.5693  0.0730  0.0652  0.0691  0.0240  0.0151  0.0528  0.0193  0.0886  0.0238
 0.1271  0.0588  0.2575  0.0145  0.0522  0.0229  0.1054  0.1663  0.1496  0.0458
 0.2707  0.5662  0.0320  0.0564  0.0079  0.0057  0.0161  0.0087  0.0273  0.0090
 0.0911  0.0434  0.2921  0.0134  0.0422  0.0192  0.1758  0.0956  0.1880  0.0393
 0.5728  0.1706  0.0723  0.0426  0.0141  0.0100  0.0300  0.0241  0.0495  0.0140
 0.2084  0.6649  0.0265  0.0436  0.0058  0.0044  0.0122  0.0070  0.0203  0.0069
 0.0877  0.0416  0.2728  0.0139  0.0412  0.0192  0.2003  0.0853  0.1988  0.0390
 0.4541  0.2953  0.0479  0.0689  0.0145  0.0098  0.0297  0.0143  0.0501  0.0153
 0.2067  0.6676  0.0248  0.0473  0.0055  0.0042  0.0114  0.0063  0.0197  0.0066
 0.2178  0.6506  0.0267  0.0470  0.0060  0.0045  0.0123  0.0070  0.0210  0.0071
 0.0352  0.0245  0.0205  0.0082  0.2387  0.0932  0.0248  0.2281  0.0358  0.2910
 0.0917  0.0487  0.4280  0.0105  0.0313  0.0131  0.0911  0.1345  0.1244  0.0267
 0.0325  0.0254  0.0171  0.0080  0.2088  0.0869  0.0218  0.3206  0.0325  0.2465
[torch.cuda.FloatTensor of size 16x10 (GPU 1)]
, 
 3
 0
 0
 0
 2
 1
 2
 0
 1
 2
 0
 1
 1
 9
 2
 7
[torch.cuda.LongTensor of size 16 (GPU 1)]
, Variable containing:
 3
 0
 0
 0
 2
 1
 8
 0
 1
 8
 0
 1
 1
 9
 7
 4
[torch.cuda.LongTensor of size 16 (GPU 1)]
)
Processed 100 batches
Processed 200 batches
Processed 300 batches
Processed 400 batches
5799/7792 correct, 0.744%, avg loss: 1.95246988058
Evaluating on validation set
Processed 0 batches
(Variable containing:
 0.0779  0.0370  0.1862  0.0314  0.0318  0.0164  0.2124  0.0364  0.3378  0.0327
 0.0079  0.0064  0.0091  0.0005  0.0092  0.0029  0.0042  0.9454  0.0062  0.0082
 0.0531  0.0593  0.0163  0.7876  0.0108  0.0091  0.0096  0.0017  0.0331  0.0193
 0.1010  0.0437  0.1800  0.0268  0.0392  0.0204  0.2091  0.0515  0.2901  0.0382
 0.0083  0.0066  0.0135  0.0005  0.0077  0.0024  0.0046  0.9433  0.0064  0.0068
 0.0303  0.0160  0.8713  0.0036  0.0038  0.0016  0.0221  0.0220  0.0258  0.0036
 0.0205  0.0108  0.8940  0.0023  0.0035  0.0014  0.0203  0.0221  0.0216  0.0035
 0.2168  0.6428  0.0282  0.0495  0.0065  0.0048  0.0133  0.0079  0.0227  0.0076
 0.0529  0.0668  0.0151  0.7915  0.0095  0.0083  0.0085  0.0015  0.0286  0.0173
 0.0798  0.0439  0.4082  0.0126  0.0436  0.0172  0.1038  0.1243  0.1239  0.0428
 0.0108  0.0085  0.0127  0.0007  0.0121  0.0032  0.0054  0.9264  0.0089  0.0112
 0.0733  0.0471  0.3670  0.0079  0.0353  0.0134  0.0649  0.2716  0.0880  0.0317
 0.1076  0.0547  0.2996  0.0136  0.0490  0.0212  0.1081  0.1608  0.1412  0.0442
 0.0077  0.0063  0.0105  0.0005  0.0079  0.0025  0.0040  0.9478  0.0058  0.0070
 0.1512  0.7518  0.0202  0.0354  0.0040  0.0030  0.0090  0.0053  0.0151  0.0049
 0.0080  0.0064  0.0108  0.0005  0.0089  0.0028  0.0045  0.9435  0.0064  0.0081
[torch.cuda.FloatTensor of size 16x10 (GPU 1)]
, 
 8
 7
 3
 8
 7
 2
 2
 1
 3
 2
 7
 2
 2
 7
 1
 7
[torch.cuda.LongTensor of size 16 (GPU 1)]
, Variable containing:
 8
 7
 3
 2
 7
 2
 8
 1
 3
 8
 7
 8
 2
 7
 1
 7
[torch.cuda.LongTensor of size 16 (GPU 1)]
)
657/960 correct, 0.684%, avg loss: 2.46699580948
(671, 973)
Epoch: 6, Step: 3000, Train Loss: 1.95, Val Loss: 0.15, Val acc: 0.690
Param Norm1: 40164.84, grad Norm1: 78.14, Param Norm12: 65.23, grad Norm2: 1.00
(854, 973)
Epoch: 6, Step: 3100, Train Loss: 2.01, Val Loss: 0.10, Val acc: 0.878
Param Norm1: 40500.69, grad Norm1: 55.24, Param Norm12: 65.83, grad Norm2: 1.00
(793, 973)
Epoch: 6, Step: 3200, Train Loss: 1.98, Val Loss: 0.11, Val acc: 0.815
Param Norm1: 40908.72, grad Norm1: 78.25, Param Norm12: 66.56, grad Norm2: 1.00
(793, 973)
Epoch: 6, Step: 3300, Train Loss: 2.04, Val Loss: 0.11, Val acc: 0.815
Param Norm1: 41327.98, grad Norm1: 75.84, Param Norm12: 67.36, grad Norm2: 1.00
(793, 973)
Epoch: 6, Step: 3400, Train Loss: 1.98, Val Loss: 0.11, Val acc: 0.815
Param Norm1: 41699.08, grad Norm1: 63.49, Param Norm12: 68.00, grad Norm2: 1.00
Evaluating on training set
Processed 0 batches
(Variable containing:
 0.4643  0.2493  0.0884  0.0640  0.0110  0.0095  0.0288  0.0301  0.0424  0.0122
 0.1960  0.4956  0.0303  0.1744  0.0086  0.0090  0.0334  0.0058  0.0375  0.0095
 0.0270  0.0136  0.8391  0.0035  0.0060  0.0030  0.0337  0.0203  0.0494  0.0046
 0.3116  0.4430  0.0393  0.1135  0.0099  0.0082  0.0215  0.0101  0.0339  0.0090
 0.1393  0.7362  0.0218  0.0630  0.0036  0.0030  0.0097  0.0045  0.0155  0.0034
 0.0091  0.0090  0.0109  0.0007  0.0084  0.0048  0.0059  0.9343  0.0091  0.0077
 0.1024  0.0608  0.2828  0.0127  0.0474  0.0232  0.1157  0.1570  0.1630  0.0348
 0.0661  0.0335  0.1674  0.0263  0.0230  0.0155  0.1963  0.0294  0.4197  0.0227
 0.1595  0.7095  0.0282  0.0532  0.0049  0.0040  0.0125  0.0065  0.0174  0.0043
 0.2069  0.6400  0.0359  0.0557  0.0056  0.0047  0.0153  0.0094  0.0216  0.0049
 0.4697  0.2000  0.0488  0.1320  0.0180  0.0130  0.0369  0.0129  0.0527  0.0160
 0.0683  0.0378  0.1403  0.0325  0.0256  0.0175  0.1656  0.0284  0.4589  0.0252
 0.2634  0.5337  0.0413  0.0807  0.0082  0.0064  0.0203  0.0097  0.0289  0.0074
 0.0270  0.0211  0.0194  0.0150  0.2049  0.2753  0.0245  0.0614  0.0312  0.3202
 0.0360  0.0221  0.7417  0.0045  0.0104  0.0051  0.0487  0.0561  0.0676  0.0077
 0.0598  0.0322  0.4373  0.0082  0.0241  0.0132  0.1721  0.0714  0.1619  0.0199
[torch.cuda.FloatTensor of size 16x10 (GPU 1)]
, 
 0
 1
 2
 1
 1
 7
 2
 8
 1
 1
 0
 8
 1
 9
 2
 2
[torch.cuda.LongTensor of size 16 (GPU 1)]
, Variable containing:
 0
 1
 2
 0
 1
 7
 8
 8
 0
 1
 0
 8
 0
 9
 2
 2
[torch.cuda.LongTensor of size 16 (GPU 1)]
)
Processed 100 batches
Processed 200 batches
Processed 300 batches
Processed 400 batches
5939/7792 correct, 0.762%, avg loss: 1.83837813886
Evaluating on validation set
Processed 0 batches
(Variable containing:
 0.4374  0.2128  0.1050  0.0523  0.0175  0.0139  0.0441  0.0387  0.0640  0.0144
 0.0472  0.0261  0.5829  0.0068  0.0196  0.0102  0.1118  0.0587  0.1206  0.0161
 0.0225  0.0180  0.0139  0.0149  0.1611  0.3125  0.0216  0.0439  0.0289  0.3626
 0.0139  0.0070  0.9270  0.0016  0.0019  0.0010  0.0149  0.0111  0.0201  0.0015
 0.0569  0.0751  0.0195  0.7364  0.0130  0.0147  0.0149  0.0035  0.0467  0.0194
 0.0562  0.1133  0.0159  0.7508  0.0072  0.0089  0.0089  0.0019  0.0259  0.0110
 0.1490  0.7247  0.0250  0.0556  0.0044  0.0037  0.0114  0.0057  0.0166  0.0040
 0.2748  0.5496  0.0425  0.0658  0.0061  0.0062  0.0177  0.0095  0.0223  0.0055
 0.1761  0.6622  0.0262  0.0814  0.0053  0.0046  0.0130  0.0059  0.0204  0.0050
 0.1375  0.7455  0.0234  0.0518  0.0040  0.0033  0.0104  0.0052  0.0152  0.0036
 0.1479  0.7157  0.0222  0.0714  0.0040  0.0033  0.0103  0.0047  0.0168  0.0038
 0.0491  0.0969  0.0154  0.7738  0.0074  0.0090  0.0086  0.0018  0.0262  0.0116
 0.0756  0.0408  0.3932  0.0097  0.0309  0.0158  0.1522  0.0860  0.1718  0.0240
 0.0310  0.0243  0.0147  0.0175  0.2018  0.3446  0.0211  0.0372  0.0289  0.2790
 0.0351  0.0298  0.0207  0.0158  0.1932  0.1716  0.0261  0.1979  0.0414  0.2686
 0.1961  0.5910  0.0271  0.1223  0.0063  0.0054  0.0146  0.0059  0.0252  0.0061
[torch.cuda.FloatTensor of size 16x10 (GPU 1)]
, 
 0
 2
 9
 2
 3
 3
 1
 1
 1
 1
 1
 3
 2
 5
 9
 1
[torch.cuda.LongTensor of size 16 (GPU 1)]
, Variable containing:
 1
 2
 4
 2
 3
 3
 0
 1
 1
 0
 1
 3
 8
 4
 9
 1
[torch.cuda.LongTensor of size 16 (GPU 1)]
)
657/960 correct, 0.684%, avg loss: 2.5484684974
(732, 973)
Epoch: 7, Step: 3500, Train Loss: 1.98, Val Loss: 0.12, Val acc: 0.752
Param Norm1: 42049.41, grad Norm1: 87.86, Param Norm12: 68.68, grad Norm2: 1.00
(793, 973)
Epoch: 7, Step: 3600, Train Loss: 1.87, Val Loss: 0.12, Val acc: 0.815
Param Norm1: 42418.07, grad Norm1: 69.70, Param Norm12: 69.37, grad Norm2: 1.00
(915, 973)
Epoch: 7, Step: 3700, Train Loss: 1.96, Val Loss: 0.06, Val acc: 0.940
Param Norm1: 42710.75, grad Norm1: 89.17, Param Norm12: 69.89, grad Norm2: 1.00
(732, 973)
Epoch: 7, Step: 3800, Train Loss: 1.85, Val Loss: 0.10, Val acc: 0.752
Param Norm1: 42922.74, grad Norm1: 86.47, Param Norm12: 70.31, grad Norm2: 1.00
Evaluating on training set
Processed 0 batches
(Variable containing:
 0.6833  0.0969  0.0409  0.0540  0.0129  0.0072  0.0304  0.0107  0.0513  0.0123
 0.0417  0.0147  0.8124  0.0038  0.0052  0.0020  0.0376  0.0302  0.0475  0.0049
